Choose case, 1=Mesona, 2=Statue, 3=nctu: [[-3.31650765e-06 -5.57334187e-05 -6.72381797e-06]
 [ 5.25908568e-05 -1.62830295e-06  3.33861592e-05]
 [ 5.83589693e-06 -3.64521738e-05  7.04646762e-07]]
[[-0.99986948  0.01368627 -0.00858543 -0.5403877 ]
 [-0.0132966  -0.99894699 -0.04391029 -0.12638898]
 [-0.00917735 -0.0437904   0.99899859  0.83186955]]
28
[[-0.99986948  0.01368627 -0.00858543  0.5403877 ]
 [-0.0132966  -0.99894699 -0.04391029  0.12638898]
 [-0.00917735 -0.0437904   0.99899859 -0.83186955]]
0
[[ 0.42234271 -0.10277686 -0.90059067 -0.5403877 ]
 [-0.12177868  0.97810997 -0.16873305 -0.12638898]
 [ 0.89821856  0.18093591  0.40058159  0.83186955]]
28
[[ 0.42234271 -0.10277686 -0.90059067  0.5403877 ]
 [-0.12177868  0.97810997 -0.16873305  0.12638898]
 [ 0.89821856  0.18093591  0.40058159 -0.83186955]]
22
[[ 12.69886284   9.69005736  12.69886284 -13.13669236 -16.51011955
   12.33504367  11.25478908   9.32544985   9.85516524  14.6863288
   10.87898828   9.63278502  10.2827909   10.23802183  10.6141719
   11.13488904  11.51521525  10.02081536  10.47304236  10.02081536
    8.89321335  10.39394158  11.01259732  11.23482694  11.36753681
    9.92107957   9.73719007  11.45331822]
 [-30.25402012 -23.48702988 -30.25402012  32.01327843  38.16397534
  -29.74432828 -26.82488688 -22.45579505 -23.1699535  -27.49192482
  -24.91189848 -22.59236274 -23.7949346  -23.74917492 -24.40663872
  -25.40578003 -26.12540791 -23.35093583 -24.14651502 -23.35093583
  -21.00024637 -24.01105425 -25.16825122 -25.58631173 -25.85176244
  -23.12878668 -22.81016734 -26.04716398]
 [ -1.38125365  -0.82065833  -1.38125365   1.46694271   1.93509734
   -1.33769704  -1.12661253  -0.74050968  -0.83137354  -1.27074984
   -0.99705272  -0.77957056  -0.89615813  -0.8908932   -0.95244248
   -1.03953616  -1.10032193  -0.85297069  -0.92883543  -0.85297069
   -0.60961896  -0.91605377  -1.01928884  -1.05514574  -1.07727662
   -0.83248777  -0.80060664  -1.09275133]]