44
0.27742394671793263 -0.7710151912685331 -0.5732115914918261 
-0.37913816608475354 0.4603498385122682 -0.8027031065092609 
0.8827741527737065 0.440015455427278 -0.1646092165700009 
0
0.27742394671793263 -0.7710151912685331 -0.5732115914918261 
-0.37913816608475354 0.4603498385122682 -0.8027031065092609 
0.8827741527737065 0.440015455427278 -0.1646092165700009 
38
-0.8853122277753345 -0.37026172182045997 -0.2812979145070613 
0.1812493297479541 -0.8318752771609352 0.5245304602349934 
-0.4282183319492421 0.41338817182276144 0.8035790437658533 
32
-0.8853122277753345 -0.37026172182045997 -0.2812979145070613 
0.1812493297479541 -0.8318752771609352 0.5245304602349934 
-0.4282183319492421 0.41338817182276144 0.8035790437658533 
